yearID,teamID,W,SO,ERA
1985,ATL,66,776,4.615
1985,BAL,83,793,5.148
1985,BOS,81,913,6.916470588235294
1985,CAL,90,767,5.772105263157894
1985,CHA,85,1023,4.872105263157894
1985,CHN,77,820,4.965
1985,CIN,89,910,4.549333333333334
1985,CLE,60,702,5.308421052631579
1985,DET,84,943,4.1121428571428575
1985,HOU,83,909,3.863125
1985,KCA,91,846,4.222857142857143
1985,LAN,95,979,4.462857142857143
1985,MIN,77,767,6.535882352941177
1985,ML4,71,777,4.852941176470588
1985,MON,84,870,5.156000000000001
1985,NYA,97,907,4.740588235294118
1985,NYN,98,1039,3.8947058823529415
1985,OAK,77,785,5.096470588235294
1985,PHI,75,899,3.827647058823529
1985,PIT,57,962,4.968333333333333
1985,SDN,83,727,5.004666666666666
1985,SEA,74,868,5.5147619047619045
1985,SFN,62,985,3.755333333333333
1985,SLN,101,798,2.9425
1985,TEX,62,863,5.89
1985,TOR,99,823,3.6613333333333333
1986,ATL,72,932,4.199375
1986,BAL,73,954,5.3623529411764705
1986,BOS,95,1033,4.898125
1986,CAL,92,955,4.897368421052631
1986,CHA,72,895,3.966666666666667
1986,CHN,70,962,4.771111111111111
1986,CIN,86,924,4.516
1986,CLE,84,744,5.145
1986,DET,87,880,4.184375
1986,HOU,96,1160,5.187894736842105
1986,KCA,76,888,3.9423076923076925
1986,LAN,73,1051,4.219285714285714
1986,MIN,71,937,7.152777777777778
1986,ML4,77,952,4.404117647058824
1986,MON,78,1051,3.946
1986,NYA,90,878,4.402777777777778
1986,NYN,108,1083,3.1606666666666663
1986,OAK,76,937,5.625
1986,PHI,86,874,4.338636363636364
1986,PIT,64,924,4.62
1986,SDN,74,934,4.582105263157895
1986,SEA,67,944,5.001176470588235
1986,SFN,83,992,3.6272222222222226
1986,SLN,79,761,3.163529411764706
1986,TEX,87,1059,4.149375
1986,TOR,86,1002,6.048333333333334
1987,ATL,69,837,5.563000000000001
1987,BAL,67,870,5.116666666666666
1987,BOS,78,1034,5.516153846153846
1987,CAL,75,941,5.08375
1987,CHA,77,792,5.225
1987,CHN,76,1024,4.8933333333333335
1987,CIN,84,919,4.801666666666667
1987,CLE,61,849,6.420952380952381
1987,DET,98,976,4.952857142857143
1987,HOU,76,1137,4.418235294117647
1987,KCA,83,923,5.4046666666666665
1987,LAN,73,1097,3.658333333333333
1987,MIN,85,990,5.804705882352941
1987,ML4,91,1039,5.740588235294118
1987,MON,91,1012,5.849047619047619
1987,NYA,89,900,5.280454545454545
1987,NYN,92,1032,3.946111111111111
1987,OAK,81,1042,5.6409090909090915
1987,PHI,80,877,5.998333333333333
1987,PIT,80,914,4.670909090909091
1987,SDN,65,897,4.953157894736842
1987,SEA,78,919,7.810555555555556
1987,SFN,90,1038,3.6814999999999998
1987,SLN,95,873,5.270555555555556
1987,TEX,75,1103,5.858421052631579
1987,TOR,96,1064,4.394
1988,ATL,54,810,4.354736842105263
1988,BAL,54,709,6.16047619047619
1988,BOS,89,1085,5.132941176470588
1988,CAL,75,817,5.088421052631579
1988,CHA,71,754,5.395238095238095
1988,CHN,77,897,4.635555555555555
1988,CIN,87,934,3.527
1988,CLE,78,812,4.921111111111111
1988,DET,88,890,4.017142857142857
1988,HOU,82,1049,3.937333333333333
1988,KCA,84,886,5.225882352941177
1988,LAN,94,1029,4.288947368421052
1988,MIN,91,897,5.6645
1988,ML4,87,832,3.3871428571428575
1988,MON,81,923,3.7600000000000002
1988,NYA,85,861,4.502222222222223
1988,NYN,100,1100,3.0433333333333334
1988,OAK,104,983,3.1719999999999997
1988,PHI,65,859,5.382380952380952
1988,PIT,85,790,3.4911111111111115
1988,SDN,83,885,3.625
1988,SEA,68,981,4.794705882352941
1988,SFN,83,875,3.749444444444445
1988,SLN,76,881,3.8994736842105264
1988,TEX,70,912,4.938095238095238
1988,TOR,87,904,3.8925
1989,ATL,63,966,3.7621739130434784
1989,BAL,87,676,4.685882352941176
1989,BOS,83,1054,4.547333333333333
1989,CAL,91,897,3.477333333333333
1989,CHA,69,778,5.425263157894737
1989,CHN,93,918,3.4753333333333334
1989,CIN,75,981,4.456470588235295
1989,CLE,73,844,4.735
1989,DET,59,831,5.217727272727273
1989,HOU,86,965,6.946470588235294
1989,KCA,92,978,5.475294117647059
1989,LAN,77,1052,4.797777777777778
1989,MIN,80,851,4.716086956521739
1989,ML4,81,812,4.464
1989,MON,81,1059,5.3915
1989,NYA,74,787,5.987272727272727
1989,NYN,87,1108,3.4189999999999996
1989,OAK,99,930,4.5775
1989,PHI,67,899,4.271818181818182
1989,PIT,74,827,4.722727272727273
1989,SDN,89,933,4.3629411764705885
1989,SEA,73,897,4.457368421052632
1989,SFN,92,802,3.8219047619047624
1989,SLN,86,844,4.075333333333333
1989,TEX,83,1112,5.781764705882353
1989,TOR,89,849,4.38
1990,ATL,65,938,6.314347826086956
1990,BAL,76,776,4.62
1990,BOS,88,997,4.7965
1990,CAL,80,944,3.7895000000000003
1990,CHA,94,914,3.834117647058824
1990,CHN,77,877,5.0280000000000005
1990,CIN,91,1029,4.233529411764706
1990,CLE,77,860,4.7890476190476186
1990,DET,79,856,5.3175
1990,HOU,75,854,4.89764705882353
1990,KCA,75,1006,6.027826086956522
1990,LAN,86,1021,4.41
1990,MIN,74,872,4.507777777777778
1990,ML4,74,771,10.364090909090908
1990,MON,85,991,5.319166666666667
1990,NYA,67,909,4.216
1990,NYN,91,1217,3.2306666666666666
1990,OAK,103,831,2.932666666666667
1990,PHI,77,840,5.9665
1990,PIT,95,848,3.531304347826087
1990,SDN,75,928,4.51375
1990,SEA,77,1064,5.132272727272727
1990,SFN,85,788,5.7192307692307685
1990,SLN,70,833,4.252727272727273
1990,TEX,83,997,5.049444444444444
1990,TOR,86,892,4.178421052631579
1991,ATL,94,969,3.968
1991,BAL,67,868,5.3325000000000005
1991,BOS,84,999,5.37421052631579
1991,CAL,81,990,4.7435294117647056
1991,CHA,87,923,4.3082352941176465
1991,CHN,77,927,5.873157894736842
1991,CIN,74,997,3.9635294117647057
1991,CLE,57,862,6.371666666666666
1991,DET,84,739,6.160526315789474
1991,HOU,65,1033,4.830526315789474
1991,KCA,82,1004,4.422105263157895
1991,LAN,93,1028,2.48
1991,MIN,95,876,4.21875
1991,ML4,83,859,4.804285714285714
1991,MON,71,909,4.741578947368422
1991,NYA,71,936,4.613
1991,NYN,77,1028,3.482222222222222
1991,OAK,84,892,5.335217391304348
1991,PHI,78,988,5.42
1991,PIT,98,919,4.674705882352941
1991,SDN,84,921,4.802608695652174
1991,SEA,83,1003,6.722941176470588
1991,SFN,75,905,4.568421052631579
1991,SLN,84,822,5.233333333333333
1991,TEX,85,1022,5.366521739130435
1991,TOR,91,971,5.1965
1992,ATL,98,948,3.7178947368421054
1992,BAL,89,846,3.9775
1992,BOS,73,943,4.19875
1992,CAL,72,888,4.14625
1992,CHA,86,810,3.6923076923076925
1992,CHN,78,901,4.791764705882352
1992,CIN,90,1060,3.5541176470588236
1992,CLE,76,890,5.2165
1992,DET,75,693,4.623333333333333
1992,HOU,81,978,4.5225
1992,KCA,72,834,4.534545454545455
1992,LAN,63,981,3.2985714285714285
1992,MIN,90,923,5.129411764705883
1992,ML4,92,793,3.21
1992,MON,87,1014,4.996190476190476
1992,NYA,76,851,4.633684210526316
1992,NYN,72,1025,5.1626315789473685
1992,OAK,96,843,4.228181818181818
1992,PHI,70,851,5.220833333333333
1992,PIT,96,844,3.7904761904761903
1992,SDN,82,971,3.7882352941176474
1992,SEA,64,894,5.9799999999999995
1992,SFN,72,927,3.8899999999999997
1992,SLN,83,842,3.4819999999999998
1992,TEX,77,1034,5.9276
1992,TOR,96,954,5.096470588235294
1993,ATL,104,1036,4.7846153846153845
1993,BAL,85,900,4.163888888888889
1993,BOS,80,997,3.9825
1993,CAL,71,843,4.749583333333333
1993,CHA,94,974,4.085500000000001
1993,CHN,84,905,4.115882352941177
1993,CIN,73,996,5.9383333333333335
1993,CLE,76,888,4.799230769230769
1993,COL,67,913,6.9824
1993,DET,85,828,5.423181818181818
1993,FLO,64,945,4.458333333333333
1993,HOU,85,1056,3.61375
1993,KCA,84,985,6.176
1993,LAN,81,1043,3.8566666666666665
1993,MIN,71,901,4.77375
1993,ML4,69,810,4.531666666666666
1993,MON,94,934,4.357727272727273
1993,NYA,88,899,5.5649999999999995
1993,NYN,59,867,4.404736842105263
1993,OAK,68,864,4.74
1993,PHI,97,1117,4.781000000000001
1993,PIT,75,832,5.1673913043478255
1993,SDN,61,957,4.982608695652174
1993,SEA,82,1083,5.614782608695651
1993,SFN,103,982,5.096666666666667
1993,SLN,87,775,8.08
1993,TEX,86,957,5.194285714285714
1993,TOR,95,1023,4.0287500000000005
1994,ATL,68,865,4.47
1994,BAL,63,666,4.828666666666667
1994,BOS,54,729,5.804347826086956
1994,CAL,47,682,5.658888888888889
1994,CHA,67,754,4.602857142857142
1994,CHN,49,717,4.975
1994,CIN,66,799,4.5668750000000005
1994,CLE,66,666,6.674285714285714
1994,COL,53,703,5.537222222222223
1994,DET,53,560,7.270555555555556
1994,FLO,51,649,4.963500000000001
1994,HOU,66,739,3.934615384615385
1994,KCA,64,717,4.668666666666667
1994,LAN,58,732,4.995
1994,MIN,53,602,5.8881250000000005
1994,ML4,53,577,4.848
1994,MON,74,805,8.26875
1994,NYA,70,656,6.455294117647059
1994,NYN,55,640,4.9255555555555555
1994,OAK,51,732,6.1770000000000005
1994,PHI,54,699,3.8145000000000002
1994,PIT,53,650,7.177777777777777
1994,SDN,47,862,5.11
1994,SEA,49,763,5.914499999999999
1994,SFN,55,655,5.134117647058823
1994,SLN,53,632,6.988888888888889
1994,TEX,52,683,6.425
1994,TOR,55,832,7.187647058823529
1995,ATL,90,1087,4.9825
1995,BAL,71,930,4.522173913043479
1995,BOS,86,888,7.471923076923077
1995,CAL,78,901,4.2425
1995,CHA,68,892,5.505384615384615
1995,CHN,73,926,4.838571428571429
1995,CIN,85,903,5.734999999999999
1995,CLE,100,926,4.59
1995,COL,77,891,6.237
1995,DET,60,729,6.5195454545454545
1995,FLO,67,994,5.0734615384615385
1995,HOU,76,1056,4.267894736842106
1995,KCA,70,763,5.654761904761905
1995,LAN,78,1060,4.632380952380952
1995,MIN,56,790,9.889090909090909
1995,ML4,65,699,4.617272727272727
1995,MON,66,950,5.055714285714286
1995,NYA,79,908,6.045
1995,NYN,69,901,4.152272727272727
1995,OAK,67,890,6.706521739130435
1995,PHI,69,980,4.876153846153846
1995,PIT,58,871,8.380476190476191
1995,SDN,70,1047,5.0600000000000005
1995,SEA,79,1068,6.000416666666666
1995,SFN,67,801,6.613200000000001
1995,SLN,62,842,3.869047619047619
1995,TEX,74,838,6.056363636363637
1995,TOR,56,894,6.253
1996,ATL,96,1245,3.964444444444444
1996,BAL,88,1047,8.083478260869565
1996,BOS,85,1165,6.968695652173913
1996,CAL,70,1052,6.40896551724138
1996,CHA,85,1039,5.980909090909091
1996,CHN,76,1027,4.591764705882353
1996,CIN,81,1089,5.055833333333333
1996,CLE,99,1033,4.737222222222222
1996,COL,83,932,6.765714285714286
1996,DET,53,957,8.16962962962963
1996,FLO,80,1050,4.129130434782609
1996,HOU,82,1163,5.3
1996,KCA,75,926,5.005263157894737
1996,LAN,90,1212,4.020666666666667
1996,MIN,78,959,6.258333333333334
1996,ML4,80,846,5.796250000000001
1996,MON,88,1206,4.471666666666667
1996,NYA,92,1139,6.1937500000000005
1996,NYN,71,999,4.822941176470588
1996,OAK,78,884,6.2090000000000005
1996,PHI,67,1044,6.0808
1996,PIT,73,1044,5.4128
1996,SDN,91,1194,3.7905263157894735
1996,SEA,85,1000,6.0548
1996,SFN,68,997,4.9725
1996,SLN,88,1050,5.521111111111111
1996,TEX,90,976,4.53
1996,TOR,74,1033,5.705
1997,ANA,84,1050,5.071428571428571
1997,ATL,101,1196,3.3929411764705883
1997,BAL,98,1139,4.92
1997,BOS,78,987,5.507999999999999
1997,CHA,80,961,5.050909090909091
1997,CHN,68,1072,5.091904761904762
1997,CIN,76,1159,5.852799999999999
1997,CLE,86,1036,5.064761904761904
1997,COL,83,870,6.077826086956521
1997,DET,79,982,6.833
1997,FLO,92,1188,4.668
1997,HOU,84,1138,4.420555555555556
1997,KCA,67,961,5.2948
1997,LAN,88,1232,4.099375
1997,MIN,68,908,6.498333333333333
1997,ML4,78,1016,5.242857142857143
1997,MON,78,1138,7.012380952380952
1997,NYA,96,1165,5.063888888888888
1997,NYN,88,982,4.861428571428571
1997,OAK,65,953,6.200769230769231
1997,PHI,68,1209,5.5230434782608695
1997,PIT,79,1080,4.674285714285714
1997,SDN,76,1059,5.812857142857142
1997,SEA,90,1207,6.633333333333333
1997,SFN,90,1044,5.843333333333334
1997,SLN,73,1130,4.9192
1997,TEX,77,925,5.499499999999999
1997,TOR,76,1150,4.6375
1998,ANA,85,1091,5.077894736842105
1998,ARI,65,908,9.1492
1998,ATL,106,1232,4.628947368421053
1998,BAL,79,1065,6.485454545454545
1998,BOS,92,1025,5.864347826086957
1998,CHA,80,911,5.6594999999999995
1998,CHN,90,1207,5.911666666666666
1998,CIN,77,1098,5.88375
1998,CLE,89,1037,5.696521739130435
1998,COL,77,951,4.872105263157894
1998,DET,65,947,5.3885000000000005
1998,FLO,54,1016,5.728181818181818
1998,HOU,102,1187,4.691111111111111
1998,KCA,72,999,5.409545454545455
1998,LAN,83,1178,4.7936000000000005
1998,MIL,74,1063,11.13391304347826
1998,MIN,70,952,4.623529411764705
1998,MON,65,1017,5.625263157894737
1998,NYA,114,1080,4.93
1998,NYN,88,1129,4.359
1998,OAK,74,922,5.200526315789474
1998,PHI,75,1176,11.274285714285716
1998,PIT,69,1112,4.171764705882353
1998,SDN,98,1217,4.351904761904762
1998,SEA,76,1156,5.6715
1998,SFN,89,1089,4.253529411764706
1998,SLN,83,972,5.304782608695652
1998,TBA,63,1008,5.926666666666667
1998,TEX,88,994,6.175714285714285
1998,TOR,88,1154,5.056
1999,ANA,70,877,4.8195
1999,ARI,100,1198,4.8785
1999,ATL,103,1197,8.459090909090909
1999,BAL,78,982,5.211428571428572
1999,BOS,94,1131,4.864
1999,CHA,75,968,5.519047619047619
1999,CHN,67,980,6.700399999999999
1999,CIN,96,1081,5.522941176470589
1999,CLE,97,1120,9.6996
1999,COL,72,1032,6.641666666666667
1999,DET,69,976,6.937142857142858
1999,FLO,64,943,6.01
1999,HOU,97,1204,4.755333333333334
1999,KCA,64,831,6.2914814814814815
1999,LAN,77,1077,5.555714285714286
1999,MIL,74,987,5.787916666666667
1999,MIN,63,927,5.750555555555556
1999,MON,68,1043,6.739999999999999
1999,NYA,98,1111,6.160555555555556
1999,NYN,97,1172,4.972608695652174
1999,OAK,87,967,5.602608695652174
1999,PHI,77,1030,5.707727272727272
1999,PIT,78,1083,6.193333333333333
1999,SDN,74,1078,5.9895000000000005
1999,SEA,79,980,7.052142857142857
1999,SFN,86,1076,4.88
1999,SLN,75,1025,5.728181818181818
1999,TBA,69,1055,5.264166666666667
1999,TEX,95,979,8.01
1999,TOR,84,1009,7.645454545454545
2000,ANA,82,846,5.3844
2000,ARI,85,1220,5.31
2000,ATL,95,1093,5.575909090909091
2000,BAL,74,1017,6.768636363636364
2000,BOS,85,1121,5.046666666666667
2000,CHA,95,1037,6.104545454545455
2000,CHN,65,1143,7.099166666666666
2000,CIN,85,1015,5.970952380952381
2000,CLE,90,1213,6.3228125
2000,COL,82,1001,9.492799999999999
2000,DET,79,978,6.258181818181819
2000,FLO,79,1051,4.801666666666667
2000,HOU,72,1064,5.968695652173913
2000,KCA,77,927,6.7004166666666665
2000,LAN,86,1154,6.331904761904762
2000,MIL,73,967,6.3933333333333335
2000,MIN,69,1042,5.838235294117647
2000,MON,67,1011,8.396666666666667
2000,NYA,87,1040,6.325
2000,NYN,94,1164,7.027500000000001
2000,OAK,91,963,6.552380952380952
2000,PHI,65,1123,5.816296296296296
2000,PIT,69,1070,7.394166666666667
2000,SDN,76,1071,5.858620689655172
2000,SEA,91,998,5.961875
2000,SFN,97,1076,4.9811764705882355
2000,SLN,95,1100,5.4165217391304346
2000,TBA,69,955,6.93625
2000,TEX,71,918,9.242105263157894
2000,TOR,83,978,6.372272727272727
2001,ANA,75,947,4.181666666666667
2001,ARI,92,1297,4.173181818181818
2001,ATL,88,1133,6.114347826086957
2001,BAL,63,938,5.377727272727273
2001,BOS,82,1259,4.671739130434783
2001,CHA,83,921,6.661428571428571
2001,CHN,88,1344,6.069999999999999
2001,CIN,66,943,4.7568
2001,CLE,91,1218,5.484583333333333
2001,COL,73,1058,6.224615384615385
2001,DET,66,859,5.682727272727273
2001,FLO,76,1119,10.279130434782608
2001,HOU,93,1228,5.388
2001,KCA,65,911,4.981578947368422
2001,LAN,86,1212,4.805714285714286
2001,MIL,68,1057,5.034166666666667
2001,MIN,85,965,5.682380952380952
2001,MON,68,1103,5.576521739130435
2001,NYA,95,1266,6.392
2001,NYN,82,1191,5.892727272727272
2001,OAK,102,1117,3.229375
2001,PHI,86,1086,4.200909090909091
2001,PIT,62,908,5.945454545454546
2001,SDN,79,1088,5.154400000000001
2001,SEA,116,1051,3.918
2001,SFN,90,1080,5.067222222222222
2001,SLN,93,1083,5.929047619047619
2001,TBA,62,1030,5.44875
2001,TEX,73,951,6.601999999999999
2001,TOR,80,1041,4.4055
2002,ANA,99,999,3.425555555555556
2002,ARI,98,1303,5.436999999999999
2002,ATL,101,1058,5.034000000000001
2002,BAL,67,967,5.4875
2002,BOS,93,1157,4.437777777777778
2002,CHA,81,945,5.024375
2002,CHN,67,1333,6.03
2002,CIN,78,980,4.479523809523809
2002,CLE,74,1058,5.246774193548387
2002,COL,73,920,5.744090909090909
2002,DET,55,794,7.547931034482758
2002,FLO,79,1104,5.038095238095238
2002,HOU,84,1219,8.08904761904762
2002,KCA,62,909,6.443076923076924
2002,LAN,92,1132,4.548947368421052
2002,MIL,56,1026,5.704400000000001
2002,MIN,94,1026,5.634736842105263
2002,MON,83,1088,4.4670000000000005
2002,NYA,103,1135,5.048235294117648
2002,NYN,75,1107,3.908
2002,OAK,103,1021,4.169411764705882
2002,PHI,80,1075,4.1005
2002,PIT,72,920,4.743157894736842
2002,SDN,66,1108,5.7737837837837835
2002,SEA,93,1063,5.998947368421052
2002,SFN,95,992,3.2911764705882356
2002,SLN,97,1009,5.8442307692307685
2002,TBA,55,925,6.2309090909090905
2002,TEX,72,1030,6.3859259259259264
2002,TOR,78,991,6.129583333333333
2003,ANA,77,980,4.938421052631579
2003,ARI,84,1291,4.387727272727273
2003,ATL,101,992,4.539411764705882
2003,BAL,71,981,5.3185
2003,BOS,95,1141,6.359615384615385
2003,CHA,86,1056,10.36
2003,CHN,88,1404,4.7435294117647056
2003,CIN,69,932,5.797666666666667
2003,CLE,68,943,6.1803448275862065
2003,COL,74,866,5.273478260869565
2003,DET,43,764,5.1795
2003,FLO,91,1132,5.086363636363637
2003,HOU,87,1139,4.2073913043478255
2003,KCA,83,865,6.191379310344828
2003,LAN,85,1289,4.034736842105263
2003,MIL,68,1034,5.571739130434783
2003,MIN,90,997,6.591499999999999
2003,MON,83,1028,6.3660000000000005
2003,NYA,101,1119,4.780869565217391
2003,NYN,66,907,5.8764
2003,OAK,96,1018,4.585
2003,PHI,86,1060,4.220000000000001
2003,PIT,75,926,5.9073913043478266
2003,SDN,64,1091,5.315769230769231
2003,SEA,93,1001,4.523888888888889
2003,SFN,100,1006,4.41952380952381
2003,SLN,85,969,7.82375
2003,TBA,63,877,5.452916666666667
2003,TEX,71,1009,6.5633333333333335
2003,TOR,86,984,5.463636363636363
2004,ANA,92,1164,4.901875
2004,ARI,51,1153,5.6648000000000005
2004,ATL,96,1025,4.168571428571428
2004,BAL,78,1090,6.431363636363637
2004,BOS,98,1132,4.994230769230769
2004,CHA,83,1013,5.656818181818182
2004,CHN,89,1346,5.19
2004,CIN,76,992,5.819090909090909
2004,CLE,80,1115,6.891000000000001
2004,COL,68,947,7.3444
2004,DET,72,995,5.455294117647059
2004,FLO,83,1116,5.570399999999999
2004,HOU,92,1282,6.688260869565218
2004,KCA,58,887,5.969600000000001
2004,LAN,93,1066,3.6463636363636365
2004,MIL,67,1098,4.556818181818182
2004,MIN,92,1123,7.361666666666666
2004,MON,67,1032,5.4363636363636365
2004,NYA,101,1058,5.54
2004,NYN,71,977,6.849230769230768
2004,OAK,91,1034,4.669411764705882
2004,PHI,86,1070,4.470000000000001
2004,PIT,72,1079,4.421818181818182
2004,SDN,87,1079,7.255833333333334
2004,SEA,63,1036,5.770434782608696
2004,SFN,91,1020,7.280909090909091
2004,SLN,105,1041,3.596
2004,TBA,70,923,5.675416666666667
2004,TEX,89,979,5.587666666666666
2004,TOR,67,956,7.1452
2005,ARI,77,1038,9.954
2005,ATL,90,929,4.642307692307693
2005,BAL,74,1052,4.743333333333333
2005,BOS,95,959,7.8636
2005,CHA,99,1040,4.871764705882352
2005,CHN,79,1256,5.039545454545455
2005,CIN,73,955,6.742272727272728
2005,CLE,93,1050,3.5688235294117647
2005,COL,67,981,8.356296296296296
2005,DET,71,907,4.512173913043478
2005,FLO,83,1125,7.548518518518518
2005,HOU,89,1164,4.276470588235294
2005,KCA,56,924,5.922272727272727
2005,LAA,95,1126,4.001666666666667
2005,LAN,71,1004,4.8340000000000005
2005,MIL,81,1173,3.9294736842105262
2005,MIN,83,965,3.978666666666667
2005,NYA,95,985,8.334285714285715
2005,NYN,83,1012,4.992272727272727
2005,OAK,88,1075,4.297
2005,PHI,88,1159,5.138421052631578
2005,PIT,67,958,6.748947368421052
2005,SDN,82,1133,5.708260869565217
2005,SEA,69,892,4.269523809523809
2005,SFN,75,972,4.79375
2005,SLN,100,974,4.8735
2005,TBA,67,949,6.198571428571428
2005,TEX,79,932,7.1386666666666665
2005,TOR,80,958,5.888333333333333
2005,WAS,81,997,6.7867999999999995
2006,ARI,76,1115,6.356
2006,ATL,79,1049,7.063461538461539
2006,BAL,70,1016,7.5625
2006,BOS,86,1070,5.72
2006,CHA,90,1012,4.580555555555556
2006,CHN,66,1250,5.027391304347826
2006,CIN,80,1053,5.209655172413793
2006,CLE,78,948,4.592173913043479
2006,COL,76,952,5.747083333333333
2006,DET,95,1003,3.9836842105263157
2006,FLO,78,1088,4.309523809523809
2006,HOU,82,1160,4.3715789473684215
2006,KCA,62,904,8.186774193548386
2006,LAA,89,1164,5.6338888888888885
2006,LAN,88,1068,4.546363636363636
2006,MIL,75,1145,6.480370370370371
2006,MIN,96,1164,4.232941176470589
2006,NYA,97,1019,5.446000000000001
2006,NYN,97,1161,5.2840740740740735
2006,OAK,93,1003,4.668571428571429
2006,PHI,85,1138,5.998260869565217
2006,PIT,67,1060,4.801363636363636
2006,SDN,88,1097,4.490909090909091
2006,SEA,78,1067,7.0224
2006,SFN,76,992,5.502380952380952
2006,SLN,83,970,4.792631578947368
2006,TBA,61,979,6.276
2006,TEX,80,972,5.035
2006,TOR,87,1076,4.7595238095238095
2006,WAS,71,960,5.766896551724138
2007,ARI,90,1088,9.468399999999999
2007,ATL,84,1106,4.9475
2007,BAL,69,1087,6.79
2007,BOS,96,1149,3.62
2007,CHA,72,1015,5.674285714285714
2007,CHN,85,1211,4.419090909090909
2007,CIN,72,1068,6.0856
2007,CLE,96,1047,4.748095238095238
2007,COL,90,967,7.012666666666666
2007,DET,88,1047,5.4348
2007,FLO,71,1142,6.365161290322581
2007,HOU,73,1109,5.0042857142857144
2007,KCA,69,993,5.494782608695652
2007,LAA,94,1156,5.097777777777778
2007,LAN,82,1184,5.489545454545454
2007,MIL,83,1174,5.112857142857143
2007,MIN,79,1094,5.330526315789474
2007,NYA,94,1009,5.363571428571428
2007,NYN,88,1134,6.184166666666667
2007,OAK,76,1036,5.1241666666666665
2007,PHI,89,1050,5.707142857142857
2007,PIT,68,997,6.9556
2007,SDN,89,1136,4.535714285714286
2007,SEA,88,1020,5.306521739130434
2007,SFN,71,1057,4.983181818181818
2007,SLN,78,945,5.567200000000001
2007,TBA,66,1194,13.880833333333333
2007,TEX,75,976,4.724
2007,TOR,83,1067,5.012608695652174
2007,WAS,73,931,5.1619230769230775
2008,ARI,82,1229,4.0920000000000005
2008,ATL,72,1076,5.955
2008,BAL,68,922,5.831153846153847
2008,BOS,95,1185,6.2004347826086965
2008,CHA,89,1147,4.5405263157894735
2008,CHN,97,1264,4.677391304347826
2008,CIN,74,1227,5.540434782608696
2008,CLE,81,986,5.723928571428572
2008,COL,74,1041,5.641153846153846
2008,DET,74,991,5.6432
2008,FLO,84,1127,5.4750000000000005
2008,HOU,86,1095,4.789
2008,KCA,75,1085,5.275600000000001
2008,LAA,100,1106,5.356842105263158
2008,LAN,84,1205,4.090909090909091
2008,MIL,90,1110,4.4485
2008,MIN,88,995,4.1468421052631586
2008,NYA,89,1141,4.855185185185185
2008,NYN,89,1181,5.141666666666667
2008,OAK,75,1061,4.944583333333333
2008,PHI,92,1081,3.8216666666666663
2008,PIT,67,963,5.905384615384615
2008,SDN,63,1100,5.403125
2008,SEA,61,1016,5.857272727272728
2008,SFN,72,1240,4.589499999999999
2008,SLN,86,957,4.47
2008,TBA,97,1143,3.9823809523809524
2008,TEX,79,963,7.182
2008,TOR,86,1184,3.5163157894736843
2008,WAS,59,1063,5.234400000000001
2009,ARI,70,1158,6.22625
2009,ATL,86,1232,7.353333333333333
2009,BAL,64,933,8.003333333333334
2009,BOS,95,1230,5.069999999999999
2009,CHA,79,1119,6.0441666666666665
2009,CHN,83,1272,9.314166666666667
2009,CIN,78,1069,6.05
2009,CLE,65,986,5.850344827586206
2009,COL,92,1154,4.6004000000000005
2009,DET,86,1102,5.3078260869565215
2009,FLO,87,1248,6.436296296296296
2009,HOU,74,1144,5.741363636363636
2009,KCA,65,1153,5.717826086956522
2009,LAA,97,1062,5.8112
2009,LAN,95,1272,3.4636
2009,MIL,80,1104,6.184782608695652
2009,MIN,87,1052,6.755
2009,NYA,103,1260,5.649166666666667
2009,NYN,70,1031,4.102916666666666
2009,OAK,75,1124,4.6534615384615385
2009,PHI,93,1153,4.471363636363637
2009,PIT,62,919,5.378461538461538
2009,SDN,75,1187,5.674242424242424
2009,SEA,85,1043,4.4825
2009,SFN,88,1302,4.552380952380952
2009,SLN,91,1049,4.6735
2009,TBA,84,1125,4.433809523809524
2009,TEX,87,1016,6.504782608695652
2009,TOR,75,1181,5.516666666666667
2009,WAS,59,911,6.147333333333334
2010,ARI,65,1070,6.366428571428571
2010,ATL,91,1241,5.517142857142857
2010,BAL,66,1007,5.522608695652174
2010,BOS,89,1207,6.265600000000001
2010,CHA,88,1149,4.604
2010,CHN,75,1268,5.504782608695652
2010,CIN,91,1130,3.9078260869565216
2010,CLE,69,967,4.2295454545454545
2010,COL,83,1234,4.2043478260869565
2010,DET,81,1056,7.9735
2010,FLO,80,1168,7.1980645161290315
2010,HOU,76,1210,6.688400000000001
2010,KCA,67,1035,6.3196
2010,LAA,80,1130,3.97047619047619
2010,LAN,80,1274,6.026666666666666
2010,MIL,77,1258,5.224399999999999
2010,MIN,94,1048,4.220000000000001
2010,NYA,95,1154,4.44
2010,NYN,79,1106,4.0085
2010,OAK,81,1070,3.9899999999999998
2010,PHI,97,1183,6.798571428571429
2010,PIT,57,1026,7.059642857142857
2010,SDN,90,1295,3.8605263157894742
2010,SEA,61,973,4.663181818181818
2010,SFN,92,1331,3.7694736842105265
2010,SLN,86,1094,4.216363636363637
2010,TBA,96,1189,4.86529411764706
2010,TEX,90,1181,5.656818181818182
2010,TOR,85,1184,5.03
2010,WAS,69,1068,4.804615384615385
2011,ARI,94,1058,4.5508
2011,ATL,89,1332,3.677619047619048
2011,BAL,69,1044,6.291111111111111
2011,BOS,90,1213,5.295925925925927
2011,CHA,79,1220,4.583636363636364
2011,CHN,71,1224,4.376818181818181
2011,CIN,79,1112,4.93
2011,CLE,80,1024,4.679545454545455
2011,COL,73,1118,4.966551724137931
2011,DET,95,1115,5.006538461538461
2011,FLO,72,1218,4.736818181818181
2011,HOU,56,1191,6.3734782608695655
2011,KCA,71,1080,4.825652173913043
2011,LAA,86,1058,5.187142857142857
2011,LAN,82,1265,4.212857142857143
2011,MIL,96,1257,4.668636363636364
2011,MIN,63,940,4.5616666666666665
2011,NYA,97,1222,4.198214285714285
2011,NYN,77,1126,4.4421739130434785
2011,OAK,74,1160,4.2688461538461535
2011,PHI,102,1299,3.207826086956522
2011,PIT,72,1031,4.5252
2011,SDN,71,1139,4.346818181818182
2011,SEA,67,1088,4.134285714285714
2011,SFN,86,1316,3.858235294117647
2011,SLN,90,1098,5.343333333333334
2011,TBA,91,1143,4.3880952380952385
2011,TEX,96,1179,4.5280000000000005
2011,TOR,81,1169,6.5233333333333325
2011,WAS,80,1049,3.529166666666667
2012,ARI,81,1200,6.173043478260871
2012,ATL,94,1232,3.411904761904762
2012,BAL,93,1177,4.293846153846154
2012,BOS,69,1176,6.020384615384615
2012,CHA,85,1246,4.1419999999999995
2012,CHN,61,1128,9.222666666666667
2012,CIN,97,1248,3.361764705882353
2012,CLE,68,1086,4.947916666666667
2012,COL,64,1144,5.595555555555556
2012,DET,88,1318,4.76
2012,HOU,55,1170,5.7215384615384615
2012,KCA,72,1177,5.034
2012,LAA,89,1157,5.114347826086957
2012,LAN,86,1276,5.1288
2012,MIA,69,1113,5.271428571428571
2012,MIL,83,1402,4.6091304347826085
2012,MIN,66,943,4.7463999999999995
2012,NYA,95,1318,5.273478260869565
2012,NYN,74,1240,8.382142857142858
2012,OAK,94,1136,4.2132
2012,PHI,81,1385,4.23375
2012,PIT,79,1192,4.430416666666667
2012,SDN,76,1205,4.318333333333333
2012,SEA,75,1166,4.950555555555556
2012,SFN,94,1237,4.320869565217391
2012,SLN,88,1218,4.59625
2012,TBA,90,1383,4.559444444444444
2012,TEX,93,1286,5.232857142857143
2012,TOR,73,1142,8.329999999999998
2012,WAS,98,1325,3.9921052631578946
2013,ARI,81,1218,4.311739130434782
2013,ATL,96,1232,3.513809523809524
2013,BAL,85,1169,6.252307692307692
2013,BOS,97,1294,4.591600000000001
2013,CHA,63,1249,4.261666666666667
2013,CHN,66,1184,4.359677419354839
2013,CIN,90,1296,4.462000000000001
2013,CLE,92,1379,4.182857142857143
2013,COL,74,1064,5.011304347826087
2013,DET,93,1428,5.3035
2013,HOU,51,1084,4.858076923076923
2013,KCA,86,1208,2.5445
2013,LAA,78,1200,8.976153846153846
2013,LAN,92,1292,4.462692307692308
2013,MIA,62,1177,5.2153846153846155
2013,MIL,74,1125,3.70047619047619
2013,MIN,66,985,4.745217391304348
2013,NYA,85,1233,7.450833333333333
2013,NYN,74,1209,4.927586206896552
2013,OAK,96,1183,3.9977777777777774
2013,PHI,73,1199,6.8
2013,PIT,94,1261,4.15
2013,SDN,76,1171,3.792608695652174
2013,SEA,71,1297,4.7681818181818185
2013,SFN,76,1256,5.064761904761904
2013,SLN,97,1254,4.5076
2013,TBA,92,1310,3.279047619047619
2013,TEX,91,1309,3.8959999999999995
2013,TOR,74,1208,6.282258064516129
2013,WAS,86,1236,6.2890476190476186
2014,ARI,64,1278,5.8848
2014,ATL,79,1301,3.1350000000000002
2014,BAL,96,1174,4.0954999999999995
2014,BOS,71,1213,3.906
2014,CHA,73,1152,7.1372
2014,CHN,73,1311,4.37962962962963
2014,CIN,76,1290,6.7044
2014,CLE,85,1450,4.72
2014,COL,66,1074,5.551923076923076
2014,DET,90,1244,7.068
2014,HOU,70,1137,5.228928571428571
2014,KCA,89,1168,8.979565217391304
2014,LAA,98,1342,6.422580645161291
2014,LAN,94,1373,4.2824
2014,MIA,77,1190,4.9556000000000004
2014,MIL,82,1246,3.7833333333333337
2014,MIN,70,1031,4.798260869565217
2014,NYA,84,1370,6.732121212121212
2014,NYN,79,1303,4.684545454545455
2014,OAK,88,1244,3.2795454545454548
2014,PHI,73,1255,5.022692307692308
2014,PIT,88,1228,4.650434782608696
2014,SDN,77,1284,3.285833333333333
2014,SEA,87,1317,4.183
2014,SFN,88,1211,4.105714285714286
2014,SLN,90,1221,5.978750000000001
2014,TBA,77,1437,3.9099999999999997
2014,TEX,67,1110,4.65925
2014,TOR,83,1199,5.479259259259259
2014,WAS,96,1288,3.2494444444444444
2015,ARI,79,1215,4.778148148148148
2015,ATL,67,1148,6.337567567567568
2015,BAL,81,1233,4.175454545454546
2015,BOS,78,1218,5.122307692307692
2015,CHA,76,1359,3.575416666666667
2015,CHN,97,1431,4.212413793103448
2015,CIN,64,1252,4.860357142857143
2015,CLE,81,1407,4.105555555555555
2015,COL,68,1112,7.728
2015,DET,74,1100,5.313703703703704
2015,HOU,86,1280,4.196666666666666
2015,KCA,95,1160,3.7308333333333334
2015,LAA,85,1221,3.8645833333333335
2015,LAN,92,1396,5.328064516129031
2015,MIA,71,1152,4.3582758620689654
2015,MIL,68,1260,5.131923076923077
2015,MIN,83,1046,4.64875
2015,NYA,87,1370,5.592727272727273
2015,NYN,90,1337,6.5649999999999995
2015,OAK,68,1179,6.026
2015,PHI,63,1153,6.0136666666666665
2015,PIT,98,1338,2.8114285714285714
2015,SDN,74,1393,5.208461538461538
2015,SEA,76,1283,5.0075
2015,SFN,84,1165,3.7695238095238093
2015,SLN,100,1329,3.1427272727272726
2015,TBA,80,1355,5.052222222222222
2015,TEX,88,1095,5.087096774193548
2015,TOR,93,1117,4.288571428571428
2015,WAS,83,1342,3.508846153846154
2016,ARI,69,1318,5.445172413793103
2016,ATL,68,1227,5.31
2016,BAL,89,1248,5.638148148148148
2016,BOS,93,1362,4.898
2016,CHA,78,1270,5.230714285714286
2016,CHN,103,1441,4.148846153846154
2016,CIN,68,1241,6.60375
2016,CLE,94,1398,5.351111111111111
2016,COL,75,1223,6.0268
2016,DET,86,1232,4.855652173913043
2016,HOU,84,1396,5.14304347826087
2016,KCA,81,1287,4.497619047619048
2016,LAA,74,1136,4.6209999999999996
2016,LAN,91,1510,4.480645161290322
2016,MIA,79,1379,4.994516129032259
2016,MIL,73,1175,6.235185185185185
2016,MIN,59,1191,5.764137931034482
2016,NYA,84,1393,5.152758620689656
2016,NYN,87,1396,4.400909090909091
2016,OAK,69,1188,4.795555555555556
2016,PHI,71,1299,7.163703703703703
2016,PIT,78,1232,5.4096875
2016,SDN,68,1222,4.90625
2016,SEA,86,1318,4.0140625
2016,SFN,87,1309,6.284583333333334
2016,SLN,86,1290,5.668571428571428
2016,TBA,68,1357,4.0692
2016,TEX,95,1154,6.414516129032258
2016,TOR,89,1314,5.8100000000000005
2016,WAS,95,1476,3.4875000000000003
